decoded_dat/c/asu/a/ash.dat	frame	0	10		666c79696e67
decoded_dat/c/asu/a/ash.dat	field	0	-1	pic	3136
decoded_dat/c/asu/a/ash.dat	field	0	-1	state	3135
decoded_dat/c/asu/a/ash.dat	field	0	-1	wait	32
decoded_dat/c/asu/a/ash.dat	field	0	-1	next	3331
decoded_dat/c/asu/a/ash.dat	field	0	-1	dvx	353530
decoded_dat/c/asu/a/ash.dat	field	0	-1	dvy	353530
decoded_dat/c/asu/a/ash.dat	field	0	-1	centerx	313630
decoded_dat/c/asu/a/ash.dat	field	0	-1	centery	313930
decoded_dat/c/asu/a/ash.dat	field	0	-1	hit_a	30
decoded_dat/c/asu/a/ash.dat	field	0	-1	hit_d	30
decoded_dat/c/asu/a/ash.dat	field	0	-1	hit_j	30
decoded_dat/c/asu/a/ash.dat	frame	1	20		666c79696e67
decoded_dat/c/asu/a/ash.dat	field	1	-1	pic	3136
decoded_dat/c/asu/a/ash.dat	field	1	-1	state	3135
decoded_dat/c/asu/a/ash.dat	field	1	-1	wait	32
decoded_dat/c/asu/a/ash.dat	field	1	-1	next	3331
decoded_dat/c/asu/a/ash.dat	field	1	-1	dvx	353530
decoded_dat/c/asu/a/ash.dat	field	1	-1	dvy	353530
decoded_dat/c/asu/a/ash.dat	field	1	-1	centerx	313630
decoded_dat/c/asu/a/ash.dat	field	1	-1	centery	313930
decoded_dat/c/asu/a/ash.dat	field	1	-1	hit_a	30
decoded_dat/c/asu/a/ash.dat	field	1	-1	hit_d	30
decoded_dat/c/asu/a/ash.dat	field	1	-1	hit_j	30
decoded_dat/c/asu/a/ash.dat	frame	2	30		666c79696e67
decoded_dat/c/asu/a/ash.dat	field	2	-1	pic	3136
decoded_dat/c/asu/a/ash.dat	field	2	-1	state	3135
decoded_dat/c/asu/a/ash.dat	field	2	-1	wait	32
decoded_dat/c/asu/a/ash.dat	field	2	-1	next	3331
decoded_dat/c/asu/a/ash.dat	field	2	-1	dvx	353530
decoded_dat/c/asu/a/ash.dat	field	2	-1	dvy	353530
decoded_dat/c/asu/a/ash.dat	field	2	-1	centerx	313630
decoded_dat/c/asu/a/ash.dat	field	2	-1	centery	313930
decoded_dat/c/asu/a/ash.dat	field	2	-1	hit_a	30
decoded_dat/c/asu/a/ash.dat	field	2	-1	hit_d	30
decoded_dat/c/asu/a/ash.dat	field	2	-1	hit_j	30
decoded_dat/c/asu/a/ash.dat	frame	3	31		666c79696e67
decoded_dat/c/asu/a/ash.dat	field	3	-1	pic	3137
decoded_dat/c/asu/a/ash.dat	field	3	-1	state	3135
decoded_dat/c/asu/a/ash.dat	field	3	-1	wait	32
decoded_dat/c/asu/a/ash.dat	field	3	-1	next	3332
decoded_dat/c/asu/a/ash.dat	field	3	-1	dvx	353530
decoded_dat/c/asu/a/ash.dat	field	3	-1	dvy	353530
decoded_dat/c/asu/a/ash.dat	field	3	-1	centerx	313630
decoded_dat/c/asu/a/ash.dat	field	3	-1	centery	313931
decoded_dat/c/asu/a/ash.dat	field	3	-1	hit_a	30
decoded_dat/c/asu/a/ash.dat	field	3	-1	hit_d	30
decoded_dat/c/asu/a/ash.dat	field	3	-1	hit_j	30
decoded_dat/c/asu/a/ash.dat	frame	4	32		666c79696e67
decoded_dat/c/asu/a/ash.dat	field	4	-1	pic	3138
decoded_dat/c/asu/a/ash.dat	field	4	-1	state	3135
decoded_dat/c/asu/a/ash.dat	field	4	-1	wait	32
decoded_dat/c/asu/a/ash.dat	field	4	-1	next	31303030
decoded_dat/c/asu/a/ash.dat	field	4	-1	dvx	353530
decoded_dat/c/asu/a/ash.dat	field	4	-1	dvy	353530
decoded_dat/c/asu/a/ash.dat	field	4	-1	centerx	313630
decoded_dat/c/asu/a/ash.dat	field	4	-1	centery	313931
decoded_dat/c/asu/a/ash.dat	field	4	-1	hit_a	30
decoded_dat/c/asu/a/ash.dat	field	4	-1	hit_d	30
decoded_dat/c/asu/a/ash.dat	field	4	-1	hit_j	30
decoded_dat/c/asu/a/ash.dat	frame	5	50		666c79696e67
decoded_dat/c/asu/a/ash.dat	field	5	-1	pic	393939
decoded_dat/c/asu/a/ash.dat	field	5	-1	state	3135
decoded_dat/c/asu/a/ash.dat	field	5	-1	wait	31
decoded_dat/c/asu/a/ash.dat	field	5	-1	next	3439
decoded_dat/c/asu/a/ash.dat	field	5	-1	dvx	2d313030
decoded_dat/c/asu/a/ash.dat	field	5	-1	dvy	353530
decoded_dat/c/asu/a/ash.dat	field	5	-1	centerx	313630
decoded_dat/c/asu/a/ash.dat	field	5	-1	centery	313835
decoded_dat/c/asu/a/ash.dat	field	5	-1	hit_a	30
decoded_dat/c/asu/a/ash.dat	field	5	-1	hit_d	30
decoded_dat/c/asu/a/ash.dat	field	5	-1	hit_j	30
decoded_dat/c/asu/a/ash.dat	frame	6	49		666c79696e67
decoded_dat/c/asu/a/ash.dat	field	6	-1	pic	3132
decoded_dat/c/asu/a/ash.dat	field	6	-1	state	33303036
decoded_dat/c/asu/a/ash.dat	field	6	-1	wait	31
decoded_dat/c/asu/a/ash.dat	field	6	-1	next	3531
decoded_dat/c/asu/a/ash.dat	field	6	-1	dvx	353530
decoded_dat/c/asu/a/ash.dat	field	6	-1	dvy	353530
decoded_dat/c/asu/a/ash.dat	field	6	-1	centerx	313630
decoded_dat/c/asu/a/ash.dat	field	6	-1	centery	313835
decoded_dat/c/asu/a/ash.dat	field	6	-1	hit_a	30
decoded_dat/c/asu/a/ash.dat	field	6	-1	hit_d	30
decoded_dat/c/asu/a/ash.dat	field	6	-1	hit_j	30
decoded_dat/c/asu/a/ash.dat	frame	7	51		666c79696e67
decoded_dat/c/asu/a/ash.dat	field	7	-1	pic	3133
decoded_dat/c/asu/a/ash.dat	field	7	-1	state	33303036
decoded_dat/c/asu/a/ash.dat	field	7	-1	wait	31
decoded_dat/c/asu/a/ash.dat	field	7	-1	next	3532
decoded_dat/c/asu/a/ash.dat	field	7	-1	dvx	353530
decoded_dat/c/asu/a/ash.dat	field	7	-1	dvy	353530
decoded_dat/c/asu/a/ash.dat	field	7	-1	centerx	313630
decoded_dat/c/asu/a/ash.dat	field	7	-1	centery	313835
decoded_dat/c/asu/a/ash.dat	field	7	-1	hit_a	30
decoded_dat/c/asu/a/ash.dat	field	7	-1	hit_d	30
decoded_dat/c/asu/a/ash.dat	field	7	-1	hit_j	30
decoded_dat/c/asu/a/ash.dat	frame	8	52		666c79696e67
decoded_dat/c/asu/a/ash.dat	field	8	-1	pic	3134
decoded_dat/c/asu/a/ash.dat	field	8	-1	state	33303036
decoded_dat/c/asu/a/ash.dat	field	8	-1	wait	31
decoded_dat/c/asu/a/ash.dat	field	8	-1	next	3533
decoded_dat/c/asu/a/ash.dat	field	8	-1	dvx	353530
decoded_dat/c/asu/a/ash.dat	field	8	-1	dvy	353530
decoded_dat/c/asu/a/ash.dat	field	8	-1	centerx	313630
decoded_dat/c/asu/a/ash.dat	field	8	-1	centery	313930
decoded_dat/c/asu/a/ash.dat	field	8	-1	hit_a	30
decoded_dat/c/asu/a/ash.dat	field	8	-1	hit_d	30
decoded_dat/c/asu/a/ash.dat	field	8	-1	hit_j	30
decoded_dat/c/asu/a/ash.dat	frame	9	53		666c79696e67
decoded_dat/c/asu/a/ash.dat	field	9	-1	pic	3135
decoded_dat/c/asu/a/ash.dat	field	9	-1	state	33303036
decoded_dat/c/asu/a/ash.dat	field	9	-1	wait	31
decoded_dat/c/asu/a/ash.dat	field	9	-1	next	3534
decoded_dat/c/asu/a/ash.dat	field	9	-1	dvx	353530
decoded_dat/c/asu/a/ash.dat	field	9	-1	dvz	353530
decoded_dat/c/asu/a/ash.dat	field	9	-1	centerx	313630
decoded_dat/c/asu/a/ash.dat	field	9	-1	centery	313930
decoded_dat/c/asu/a/ash.dat	field	9	-1	hit_a	30
decoded_dat/c/asu/a/ash.dat	field	9	-1	hit_d	30
decoded_dat/c/asu/a/ash.dat	field	9	-1	hit_j	30
decoded_dat/c/asu/a/ash.dat	field	9	-1	sound	646174615c3035352e776176
decoded_dat/c/asu/a/ash.dat	frame	10	54		666c79696e67
decoded_dat/c/asu/a/ash.dat	field	10	-1	pic	3135
decoded_dat/c/asu/a/ash.dat	field	10	-1	state	33303036
decoded_dat/c/asu/a/ash.dat	field	10	-1	wait	32
decoded_dat/c/asu/a/ash.dat	field	10	-1	next	3534
decoded_dat/c/asu/a/ash.dat	field	10	-1	dvx	3535
decoded_dat/c/asu/a/ash.dat	field	10	-1	dvz	353530
decoded_dat/c/asu/a/ash.dat	field	10	-1	centerx	313630
decoded_dat/c/asu/a/ash.dat	field	10	-1	centery	313930
decoded_dat/c/asu/a/ash.dat	field	10	-1	hit_a	30
decoded_dat/c/asu/a/ash.dat	field	10	-1	hit_d	30
decoded_dat/c/asu/a/ash.dat	field	10	-1	hit_j	30
decoded_dat/c/asu/a/ash.dat	block	10	0	itr	
decoded_dat/c/asu/a/ash.dat	field	10	0	kind	30
decoded_dat/c/asu/a/ash.dat	field	10	0	x	313034
decoded_dat/c/asu/a/ash.dat	field	10	0	y	313435
decoded_dat/c/asu/a/ash.dat	field	10	0	w	313035
decoded_dat/c/asu/a/ash.dat	field	10	0	h	3435
decoded_dat/c/asu/a/ash.dat	field	10	0	dvx	3530
decoded_dat/c/asu/a/ash.dat	field	10	0	dvy	2d3130
decoded_dat/c/asu/a/ash.dat	field	10	0	fall	313030
decoded_dat/c/asu/a/ash.dat	field	10	0	vrest	3230
decoded_dat/c/asu/a/ash.dat	field	10	0	bdefend	313030
decoded_dat/c/asu/a/ash.dat	field	10	0	injury	3530
decoded_dat/c/asu/a/ash.dat	field	10	0	effect	30
decoded_dat/c/asu/a/ash.dat	block	10	1	bdy	
decoded_dat/c/asu/a/ash.dat	field	10	1	kind	30
decoded_dat/c/asu/a/ash.dat	field	10	1	x	313034
decoded_dat/c/asu/a/ash.dat	field	10	1	y	313435
decoded_dat/c/asu/a/ash.dat	field	10	1	w	313035
decoded_dat/c/asu/a/ash.dat	field	10	1	h	3435
decoded_dat/c/asu/a/ash.dat	frame	11	60		7461696c
decoded_dat/c/asu/a/ash.dat	field	11	-1	pic	393939
decoded_dat/c/asu/a/ash.dat	field	11	-1	state	343030
decoded_dat/c/asu/a/ash.dat	field	11	-1	wait	33
decoded_dat/c/asu/a/ash.dat	field	11	-1	next	3530
decoded_dat/c/asu/a/ash.dat	field	11	-1	dvx	30
decoded_dat/c/asu/a/ash.dat	field	11	-1	dvy	30
decoded_dat/c/asu/a/ash.dat	field	11	-1	dvz	30
decoded_dat/c/asu/a/ash.dat	field	11	-1	centerx	3339
decoded_dat/c/asu/a/ash.dat	field	11	-1	centery	3739
decoded_dat/c/asu/a/ash.dat	field	11	-1	hit_a	30
decoded_dat/c/asu/a/ash.dat	field	11	-1	hit_d	30
decoded_dat/c/asu/a/ash.dat	field	11	-1	hit_j	30
decoded_dat/c/asu/a/ash.dat	block	11	0	itr	
decoded_dat/c/asu/a/ash.dat	field	11	0	kind	38
decoded_dat/c/asu/a/ash.dat	field	11	0	respond	32
decoded_dat/c/asu/a/ash.dat	field	11	0	x	2d323639
decoded_dat/c/asu/a/ash.dat	field	11	0	y	38303030
decoded_dat/c/asu/a/ash.dat	field	11	0	w	363139
decoded_dat/c/asu/a/ash.dat	field	11	0	zwidth	393939
decoded_dat/c/asu/a/ash.dat	field	11	0	h	353330
decoded_dat/c/asu/a/ash.dat	field	11	0	dvx	3530
decoded_dat/c/asu/a/ash.dat	frame	12	61		636c617368
decoded_dat/c/asu/a/ash.dat	field	12	-1	pic	3234
decoded_dat/c/asu/a/ash.dat	field	12	-1	next	3632
decoded_dat/c/asu/a/ash.dat	field	12	-1	state	3135
decoded_dat/c/asu/a/ash.dat	field	12	-1	wait	36
decoded_dat/c/asu/a/ash.dat	field	12	-1	dvx	30
decoded_dat/c/asu/a/ash.dat	field	12	-1	dvy	30
decoded_dat/c/asu/a/ash.dat	field	12	-1	centerx	323335
decoded_dat/c/asu/a/ash.dat	field	12	-1	centery	323730
decoded_dat/c/asu/a/ash.dat	field	12	-1	hit_a	30
decoded_dat/c/asu/a/ash.dat	field	12	-1	hit_d	30
decoded_dat/c/asu/a/ash.dat	field	12	-1	hit_j	30
decoded_dat/c/asu/a/ash.dat	frame	13	62		636c617368
decoded_dat/c/asu/a/ash.dat	field	13	-1	pic	3236
decoded_dat/c/asu/a/ash.dat	field	13	-1	next	3633
decoded_dat/c/asu/a/ash.dat	field	13	-1	state	3135
decoded_dat/c/asu/a/ash.dat	field	13	-1	wait	30
decoded_dat/c/asu/a/ash.dat	field	13	-1	dvx	30
decoded_dat/c/asu/a/ash.dat	field	13	-1	dvy	30
decoded_dat/c/asu/a/ash.dat	field	13	-1	centerx	323335
decoded_dat/c/asu/a/ash.dat	field	13	-1	centery	323730
decoded_dat/c/asu/a/ash.dat	field	13	-1	hit_a	30
decoded_dat/c/asu/a/ash.dat	field	13	-1	hit_d	30
decoded_dat/c/asu/a/ash.dat	field	13	-1	hit_j	30
decoded_dat/c/asu/a/ash.dat	block	13	0	itr	
decoded_dat/c/asu/a/ash.dat	field	13	0	kind	30
decoded_dat/c/asu/a/ash.dat	field	13	0	x	313535
decoded_dat/c/asu/a/ash.dat	field	13	0	y	313735
decoded_dat/c/asu/a/ash.dat	field	13	0	w	3334
decoded_dat/c/asu/a/ash.dat	field	13	0	h	3935
decoded_dat/c/asu/a/ash.dat	field	13	0	dvx	3230
decoded_dat/c/asu/a/ash.dat	field	13	0	dvy	2d35
decoded_dat/c/asu/a/ash.dat	field	13	0	fall	313030
decoded_dat/c/asu/a/ash.dat	field	13	0	arest	31
decoded_dat/c/asu/a/ash.dat	field	13	0	bdefend	313030
decoded_dat/c/asu/a/ash.dat	field	13	0	injury	3530
decoded_dat/c/asu/a/ash.dat	field	13	0	effect	30
decoded_dat/c/asu/a/ash.dat	block	13	1	itr	
decoded_dat/c/asu/a/ash.dat	field	13	1	kind	30
decoded_dat/c/asu/a/ash.dat	field	13	1	x	323930
decoded_dat/c/asu/a/ash.dat	field	13	1	y	313734
decoded_dat/c/asu/a/ash.dat	field	13	1	w	3334
decoded_dat/c/asu/a/ash.dat	field	13	1	h	3935
decoded_dat/c/asu/a/ash.dat	field	13	1	dvx	2d3230
decoded_dat/c/asu/a/ash.dat	field	13	1	dvy	2d35
decoded_dat/c/asu/a/ash.dat	field	13	1	fall	313030
decoded_dat/c/asu/a/ash.dat	field	13	1	arest	31
decoded_dat/c/asu/a/ash.dat	field	13	1	bdefend	313030
decoded_dat/c/asu/a/ash.dat	field	13	1	injury	3530
decoded_dat/c/asu/a/ash.dat	field	13	1	effect	30
decoded_dat/c/asu/a/ash.dat	frame	14	63		636c617368
decoded_dat/c/asu/a/ash.dat	field	14	-1	pic	3237
decoded_dat/c/asu/a/ash.dat	field	14	-1	next	3634
decoded_dat/c/asu/a/ash.dat	field	14	-1	state	3135
decoded_dat/c/asu/a/ash.dat	field	14	-1	wait	30
decoded_dat/c/asu/a/ash.dat	field	14	-1	dvx	30
decoded_dat/c/asu/a/ash.dat	field	14	-1	dvy	30
decoded_dat/c/asu/a/ash.dat	field	14	-1	centerx	323335
decoded_dat/c/asu/a/ash.dat	field	14	-1	centery	323730
decoded_dat/c/asu/a/ash.dat	field	14	-1	hit_a	30
decoded_dat/c/asu/a/ash.dat	field	14	-1	hit_d	30
decoded_dat/c/asu/a/ash.dat	field	14	-1	hit_j	30
decoded_dat/c/asu/a/ash.dat	frame	15	64		636c617368
decoded_dat/c/asu/a/ash.dat	field	15	-1	pic	3238
decoded_dat/c/asu/a/ash.dat	field	15	-1	next	3635
decoded_dat/c/asu/a/ash.dat	field	15	-1	state	3135
decoded_dat/c/asu/a/ash.dat	field	15	-1	wait	30
decoded_dat/c/asu/a/ash.dat	field	15	-1	dvx	30
decoded_dat/c/asu/a/ash.dat	field	15	-1	dvy	30
decoded_dat/c/asu/a/ash.dat	field	15	-1	centerx	323335
decoded_dat/c/asu/a/ash.dat	field	15	-1	centery	323730
decoded_dat/c/asu/a/ash.dat	field	15	-1	hit_a	30
decoded_dat/c/asu/a/ash.dat	field	15	-1	hit_d	30
decoded_dat/c/asu/a/ash.dat	field	15	-1	hit_j	30
decoded_dat/c/asu/a/ash.dat	field	15	-1	sound	646174615c3030362e776176
decoded_dat/c/asu/a/ash.dat	block	15	0	itr	
decoded_dat/c/asu/a/ash.dat	field	15	0	kind	30
decoded_dat/c/asu/a/ash.dat	field	15	0	x	313932
decoded_dat/c/asu/a/ash.dat	field	15	0	y	313736
decoded_dat/c/asu/a/ash.dat	field	15	0	w	3836
decoded_dat/c/asu/a/ash.dat	field	15	0	h	3938
decoded_dat/c/asu/a/ash.dat	field	15	0	dvx	31
decoded_dat/c/asu/a/ash.dat	field	15	0	dvy	2d3231
decoded_dat/c/asu/a/ash.dat	field	15	0	fall	313030
decoded_dat/c/asu/a/ash.dat	field	15	0	arest	31
decoded_dat/c/asu/a/ash.dat	field	15	0	bdefend	313030
decoded_dat/c/asu/a/ash.dat	field	15	0	injury	3530
decoded_dat/c/asu/a/ash.dat	field	15	0	effect	30
decoded_dat/c/asu/a/ash.dat	frame	16	65		636c617368
decoded_dat/c/asu/a/ash.dat	field	16	-1	pic	3239
decoded_dat/c/asu/a/ash.dat	field	16	-1	next	3636
decoded_dat/c/asu/a/ash.dat	field	16	-1	state	3135
decoded_dat/c/asu/a/ash.dat	field	16	-1	wait	35
decoded_dat/c/asu/a/ash.dat	field	16	-1	dvx	30
decoded_dat/c/asu/a/ash.dat	field	16	-1	dvy	30
decoded_dat/c/asu/a/ash.dat	field	16	-1	centerx	323335
decoded_dat/c/asu/a/ash.dat	field	16	-1	centery	323730
decoded_dat/c/asu/a/ash.dat	field	16	-1	hit_a	30
decoded_dat/c/asu/a/ash.dat	field	16	-1	hit_d	30
decoded_dat/c/asu/a/ash.dat	field	16	-1	hit_j	30
decoded_dat/c/asu/a/ash.dat	frame	17	66		636c617368
decoded_dat/c/asu/a/ash.dat	field	17	-1	pic	3330
decoded_dat/c/asu/a/ash.dat	field	17	-1	next	31303030
decoded_dat/c/asu/a/ash.dat	field	17	-1	state	3135
decoded_dat/c/asu/a/ash.dat	field	17	-1	wait	31
decoded_dat/c/asu/a/ash.dat	field	17	-1	dvx	30
decoded_dat/c/asu/a/ash.dat	field	17	-1	dvy	30
decoded_dat/c/asu/a/ash.dat	field	17	-1	centerx	323335
decoded_dat/c/asu/a/ash.dat	field	17	-1	centery	323730
decoded_dat/c/asu/a/ash.dat	field	17	-1	hit_a	30
decoded_dat/c/asu/a/ash.dat	field	17	-1	hit_d	30
decoded_dat/c/asu/a/ash.dat	field	17	-1	hit_j	30
decoded_dat/c/asu/a/ash.dat	frame	18	70		7461696c
decoded_dat/c/asu/a/ash.dat	field	18	-1	pic	393939
decoded_dat/c/asu/a/ash.dat	field	18	-1	state	3135
decoded_dat/c/asu/a/ash.dat	field	18	-1	wait	33
decoded_dat/c/asu/a/ash.dat	field	18	-1	next	3631
decoded_dat/c/asu/a/ash.dat	field	18	-1	dvx	30
decoded_dat/c/asu/a/ash.dat	field	18	-1	dvy	30
decoded_dat/c/asu/a/ash.dat	field	18	-1	dvz	30
decoded_dat/c/asu/a/ash.dat	field	18	-1	centerx	3339
decoded_dat/c/asu/a/ash.dat	field	18	-1	centery	3739
decoded_dat/c/asu/a/ash.dat	field	18	-1	hit_a	30
decoded_dat/c/asu/a/ash.dat	field	18	-1	hit_d	30
decoded_dat/c/asu/a/ash.dat	field	18	-1	hit_j	30
decoded_dat/c/asu/a/ash.dat	block	18	0	itr	
decoded_dat/c/asu/a/ash.dat	field	18	0	kind	38
decoded_dat/c/asu/a/ash.dat	field	18	0	respond	32
decoded_dat/c/asu/a/ash.dat	field	18	0	x	2d323630
decoded_dat/c/asu/a/ash.dat	field	18	0	y	37383030
decoded_dat/c/asu/a/ash.dat	field	18	0	w	363139
decoded_dat/c/asu/a/ash.dat	field	18	0	zwidth	393939
decoded_dat/c/asu/a/ash.dat	field	18	0	h	363138
decoded_dat/c/asu/a/ash.dat	field	18	0	dvx	3631
decoded_dat/c/asu/a/ash.dat	frame	19	80		7461696c
decoded_dat/c/asu/a/ash.dat	field	19	-1	pic	393939
decoded_dat/c/asu/a/ash.dat	field	19	-1	state	33303035
decoded_dat/c/asu/a/ash.dat	field	19	-1	wait	30
decoded_dat/c/asu/a/ash.dat	field	19	-1	next	3831
decoded_dat/c/asu/a/ash.dat	field	19	-1	dvx	30
decoded_dat/c/asu/a/ash.dat	field	19	-1	dvy	30
decoded_dat/c/asu/a/ash.dat	field	19	-1	dvz	30
decoded_dat/c/asu/a/ash.dat	field	19	-1	centerx	3339
decoded_dat/c/asu/a/ash.dat	field	19	-1	centery	3739
decoded_dat/c/asu/a/ash.dat	field	19	-1	hit_a	30
decoded_dat/c/asu/a/ash.dat	field	19	-1	hit_d	30
decoded_dat/c/asu/a/ash.dat	field	19	-1	hit_j	30
decoded_dat/c/asu/a/ash.dat	frame	20	81		7461696c
decoded_dat/c/asu/a/ash.dat	field	20	-1	pic	393939
decoded_dat/c/asu/a/ash.dat	field	20	-1	state	33303035
decoded_dat/c/asu/a/ash.dat	field	20	-1	wait	30
decoded_dat/c/asu/a/ash.dat	field	20	-1	next	3832
decoded_dat/c/asu/a/ash.dat	field	20	-1	dvx	30
decoded_dat/c/asu/a/ash.dat	field	20	-1	dvy	30
decoded_dat/c/asu/a/ash.dat	field	20	-1	dvz	30
decoded_dat/c/asu/a/ash.dat	field	20	-1	centerx	3339
decoded_dat/c/asu/a/ash.dat	field	20	-1	centery	3739
decoded_dat/c/asu/a/ash.dat	field	20	-1	hit_a	30
decoded_dat/c/asu/a/ash.dat	field	20	-1	hit_d	30
decoded_dat/c/asu/a/ash.dat	field	20	-1	hit_j	30
decoded_dat/c/asu/a/ash.dat	block	20	0	opoint	
decoded_dat/c/asu/a/ash.dat	field	20	0	kind	31
decoded_dat/c/asu/a/ash.dat	field	20	0	x	3339
decoded_dat/c/asu/a/ash.dat	field	20	0	y	3739
decoded_dat/c/asu/a/ash.dat	field	20	0	z	30
decoded_dat/c/asu/a/ash.dat	field	20	0	action	313330
decoded_dat/c/asu/a/ash.dat	field	20	0	oid	343331
decoded_dat/c/asu/a/ash.dat	frame	21	82		7461696c
decoded_dat/c/asu/a/ash.dat	field	21	-1	pic	393939
decoded_dat/c/asu/a/ash.dat	field	21	-1	state	33303035
decoded_dat/c/asu/a/ash.dat	field	21	-1	wait	30
decoded_dat/c/asu/a/ash.dat	field	21	-1	next	3833
decoded_dat/c/asu/a/ash.dat	field	21	-1	dvx	30
decoded_dat/c/asu/a/ash.dat	field	21	-1	dvy	30
decoded_dat/c/asu/a/ash.dat	field	21	-1	dvz	30
decoded_dat/c/asu/a/ash.dat	field	21	-1	centerx	3339
decoded_dat/c/asu/a/ash.dat	field	21	-1	centery	3739
decoded_dat/c/asu/a/ash.dat	field	21	-1	hit_a	30
decoded_dat/c/asu/a/ash.dat	field	21	-1	hit_d	30
decoded_dat/c/asu/a/ash.dat	field	21	-1	hit_j	30
decoded_dat/c/asu/a/ash.dat	block	21	0	opoint	
decoded_dat/c/asu/a/ash.dat	field	21	0	kind	31
decoded_dat/c/asu/a/ash.dat	field	21	0	x	313539
decoded_dat/c/asu/a/ash.dat	field	21	0	y	3739
decoded_dat/c/asu/a/ash.dat	field	21	0	z	2d3330
decoded_dat/c/asu/a/ash.dat	field	21	0	action	313530
decoded_dat/c/asu/a/ash.dat	field	21	0	oid	343331
decoded_dat/c/asu/a/ash.dat	frame	22	83		7461696c
decoded_dat/c/asu/a/ash.dat	field	22	-1	pic	393939
decoded_dat/c/asu/a/ash.dat	field	22	-1	state	33303035
decoded_dat/c/asu/a/ash.dat	field	22	-1	wait	30
decoded_dat/c/asu/a/ash.dat	field	22	-1	next	3834
decoded_dat/c/asu/a/ash.dat	field	22	-1	dvx	30
decoded_dat/c/asu/a/ash.dat	field	22	-1	dvy	30
decoded_dat/c/asu/a/ash.dat	field	22	-1	dvz	30
decoded_dat/c/asu/a/ash.dat	field	22	-1	centerx	3339
decoded_dat/c/asu/a/ash.dat	field	22	-1	centery	3739
decoded_dat/c/asu/a/ash.dat	field	22	-1	hit_a	30
decoded_dat/c/asu/a/ash.dat	field	22	-1	hit_d	30
decoded_dat/c/asu/a/ash.dat	field	22	-1	hit_j	30
decoded_dat/c/asu/a/ash.dat	block	22	0	opoint	
decoded_dat/c/asu/a/ash.dat	field	22	0	kind	31
decoded_dat/c/asu/a/ash.dat	field	22	0	x	313539
decoded_dat/c/asu/a/ash.dat	field	22	0	y	3739
decoded_dat/c/asu/a/ash.dat	field	22	0	z	3330
decoded_dat/c/asu/a/ash.dat	field	22	0	action	313530
decoded_dat/c/asu/a/ash.dat	field	22	0	oid	343331
decoded_dat/c/asu/a/ash.dat	frame	23	84		7461696c
decoded_dat/c/asu/a/ash.dat	field	23	-1	pic	393939
decoded_dat/c/asu/a/ash.dat	field	23	-1	state	33303035
decoded_dat/c/asu/a/ash.dat	field	23	-1	wait	30
decoded_dat/c/asu/a/ash.dat	field	23	-1	next	31303030
decoded_dat/c/asu/a/ash.dat	field	23	-1	dvx	30
decoded_dat/c/asu/a/ash.dat	field	23	-1	dvy	30
decoded_dat/c/asu/a/ash.dat	field	23	-1	dvz	30
decoded_dat/c/asu/a/ash.dat	field	23	-1	centerx	3339
decoded_dat/c/asu/a/ash.dat	field	23	-1	centery	3739
decoded_dat/c/asu/a/ash.dat	field	23	-1	hit_a	30
decoded_dat/c/asu/a/ash.dat	field	23	-1	hit_d	30
decoded_dat/c/asu/a/ash.dat	field	23	-1	hit_j	30
decoded_dat/c/asu/a/ash.dat	block	23	0	opoint	
decoded_dat/c/asu/a/ash.dat	field	23	0	kind	31
decoded_dat/c/asu/a/ash.dat	field	23	0	x	323539
decoded_dat/c/asu/a/ash.dat	field	23	0	y	3739
decoded_dat/c/asu/a/ash.dat	field	23	0	z	30
decoded_dat/c/asu/a/ash.dat	field	23	0	action	313530
decoded_dat/c/asu/a/ash.dat	field	23	0	oid	343331
decoded_dat/c/asu/a/ash.dat	frame	24	100		666c79696e67
decoded_dat/c/asu/a/ash.dat	field	24	-1	pic	30
decoded_dat/c/asu/a/ash.dat	field	24	-1	state	3135
decoded_dat/c/asu/a/ash.dat	field	24	-1	wait	31
decoded_dat/c/asu/a/ash.dat	field	24	-1	next	313031
decoded_dat/c/asu/a/ash.dat	field	24	-1	dvx	353530
decoded_dat/c/asu/a/ash.dat	field	24	-1	dvy	353530
decoded_dat/c/asu/a/ash.dat	field	24	-1	dvz	353530
decoded_dat/c/asu/a/ash.dat	field	24	-1	centerx	313330
decoded_dat/c/asu/a/ash.dat	field	24	-1	centery	333030
decoded_dat/c/asu/a/ash.dat	field	24	-1	hit_a	30
decoded_dat/c/asu/a/ash.dat	field	24	-1	hit_d	30
decoded_dat/c/asu/a/ash.dat	field	24	-1	hit_j	30
decoded_dat/c/asu/a/ash.dat	block	24	0	itr	
decoded_dat/c/asu/a/ash.dat	field	24	0	kind	30
decoded_dat/c/asu/a/ash.dat	field	24	0	x	3430
decoded_dat/c/asu/a/ash.dat	field	24	0	y	323232
decoded_dat/c/asu/a/ash.dat	field	24	0	w	313639
decoded_dat/c/asu/a/ash.dat	field	24	0	h	313137
decoded_dat/c/asu/a/ash.dat	field	24	0	zwidth	3330
decoded_dat/c/asu/a/ash.dat	field	24	0	dvx	30
decoded_dat/c/asu/a/ash.dat	field	24	0	dvy	30
decoded_dat/c/asu/a/ash.dat	field	24	0	fall	2d31
decoded_dat/c/asu/a/ash.dat	field	24	0	vrest	34
decoded_dat/c/asu/a/ash.dat	field	24	0	bdefend	313030
decoded_dat/c/asu/a/ash.dat	field	24	0	injury	3235
decoded_dat/c/asu/a/ash.dat	field	24	0	effect	35
decoded_dat/c/asu/a/ash.dat	frame	25	101		666c79696e67
decoded_dat/c/asu/a/ash.dat	field	25	-1	pic	31
decoded_dat/c/asu/a/ash.dat	field	25	-1	state	3135
decoded_dat/c/asu/a/ash.dat	field	25	-1	wait	31
decoded_dat/c/asu/a/ash.dat	field	25	-1	next	313032
decoded_dat/c/asu/a/ash.dat	field	25	-1	dvx	353530
decoded_dat/c/asu/a/ash.dat	field	25	-1	dvy	353530
decoded_dat/c/asu/a/ash.dat	field	25	-1	dvz	353530
decoded_dat/c/asu/a/ash.dat	field	25	-1	centerx	313330
decoded_dat/c/asu/a/ash.dat	field	25	-1	centery	333030
decoded_dat/c/asu/a/ash.dat	field	25	-1	hit_a	30
decoded_dat/c/asu/a/ash.dat	field	25	-1	hit_d	30
decoded_dat/c/asu/a/ash.dat	field	25	-1	hit_j	30
decoded_dat/c/asu/a/ash.dat	block	25	0	itr	
decoded_dat/c/asu/a/ash.dat	field	25	0	kind	30
decoded_dat/c/asu/a/ash.dat	field	25	0	x	3430
decoded_dat/c/asu/a/ash.dat	field	25	0	y	313639
decoded_dat/c/asu/a/ash.dat	field	25	0	w	323634
decoded_dat/c/asu/a/ash.dat	field	25	0	h	313730
decoded_dat/c/asu/a/ash.dat	field	25	0	zwidth	3330
decoded_dat/c/asu/a/ash.dat	field	25	0	dvx	30
decoded_dat/c/asu/a/ash.dat	field	25	0	dvy	30
decoded_dat/c/asu/a/ash.dat	field	25	0	fall	2d31
decoded_dat/c/asu/a/ash.dat	field	25	0	vrest	34
decoded_dat/c/asu/a/ash.dat	field	25	0	bdefend	313030
decoded_dat/c/asu/a/ash.dat	field	25	0	injury	3235
decoded_dat/c/asu/a/ash.dat	field	25	0	effect	35
decoded_dat/c/asu/a/ash.dat	frame	26	102		666c79696e67
decoded_dat/c/asu/a/ash.dat	field	26	-1	pic	32
decoded_dat/c/asu/a/ash.dat	field	26	-1	state	3135
decoded_dat/c/asu/a/ash.dat	field	26	-1	wait	31
decoded_dat/c/asu/a/ash.dat	field	26	-1	next	313033
decoded_dat/c/asu/a/ash.dat	field	26	-1	dvx	353530
decoded_dat/c/asu/a/ash.dat	field	26	-1	dvy	353530
decoded_dat/c/asu/a/ash.dat	field	26	-1	dvz	353530
decoded_dat/c/asu/a/ash.dat	field	26	-1	centerx	313330
decoded_dat/c/asu/a/ash.dat	field	26	-1	centery	333030
decoded_dat/c/asu/a/ash.dat	field	26	-1	hit_a	30
decoded_dat/c/asu/a/ash.dat	field	26	-1	hit_d	30
decoded_dat/c/asu/a/ash.dat	field	26	-1	hit_j	30
decoded_dat/c/asu/a/ash.dat	block	26	0	itr	
decoded_dat/c/asu/a/ash.dat	field	26	0	kind	30
decoded_dat/c/asu/a/ash.dat	field	26	0	x	3430
decoded_dat/c/asu/a/ash.dat	field	26	0	y	313331
decoded_dat/c/asu/a/ash.dat	field	26	0	w	333633
decoded_dat/c/asu/a/ash.dat	field	26	0	h	323136
decoded_dat/c/asu/a/ash.dat	field	26	0	zwidth	3330
decoded_dat/c/asu/a/ash.dat	field	26	0	dvx	30
decoded_dat/c/asu/a/ash.dat	field	26	0	dvy	30
decoded_dat/c/asu/a/ash.dat	field	26	0	fall	2d31
decoded_dat/c/asu/a/ash.dat	field	26	0	vrest	34
decoded_dat/c/asu/a/ash.dat	field	26	0	bdefend	313030
decoded_dat/c/asu/a/ash.dat	field	26	0	injury	3235
decoded_dat/c/asu/a/ash.dat	field	26	0	effect	35
decoded_dat/c/asu/a/ash.dat	frame	27	103		666c79696e67
decoded_dat/c/asu/a/ash.dat	field	27	-1	pic	33
decoded_dat/c/asu/a/ash.dat	field	27	-1	state	3135
decoded_dat/c/asu/a/ash.dat	field	27	-1	wait	31
decoded_dat/c/asu/a/ash.dat	field	27	-1	next	313034
decoded_dat/c/asu/a/ash.dat	field	27	-1	dvx	353530
decoded_dat/c/asu/a/ash.dat	field	27	-1	dvy	353530
decoded_dat/c/asu/a/ash.dat	field	27	-1	dvz	353530
decoded_dat/c/asu/a/ash.dat	field	27	-1	centerx	313330
decoded_dat/c/asu/a/ash.dat	field	27	-1	centery	333030
decoded_dat/c/asu/a/ash.dat	field	27	-1	hit_a	30
decoded_dat/c/asu/a/ash.dat	field	27	-1	hit_d	30
decoded_dat/c/asu/a/ash.dat	field	27	-1	hit_j	30
decoded_dat/c/asu/a/ash.dat	block	27	0	itr	
decoded_dat/c/asu/a/ash.dat	field	27	0	kind	30
decoded_dat/c/asu/a/ash.dat	field	27	0	x	3430
decoded_dat/c/asu/a/ash.dat	field	27	0	y	313331
decoded_dat/c/asu/a/ash.dat	field	27	0	w	333633
decoded_dat/c/asu/a/ash.dat	field	27	0	h	323136
decoded_dat/c/asu/a/ash.dat	field	27	0	zwidth	3330
decoded_dat/c/asu/a/ash.dat	field	27	0	dvx	30
decoded_dat/c/asu/a/ash.dat	field	27	0	dvy	30
decoded_dat/c/asu/a/ash.dat	field	27	0	fall	2d31
decoded_dat/c/asu/a/ash.dat	field	27	0	vrest	34
decoded_dat/c/asu/a/ash.dat	field	27	0	bdefend	313030
decoded_dat/c/asu/a/ash.dat	field	27	0	injury	3235
decoded_dat/c/asu/a/ash.dat	field	27	0	effect	35
decoded_dat/c/asu/a/ash.dat	frame	28	104		666c79696e67
decoded_dat/c/asu/a/ash.dat	field	28	-1	pic	34
decoded_dat/c/asu/a/ash.dat	field	28	-1	state	3135
decoded_dat/c/asu/a/ash.dat	field	28	-1	wait	31
decoded_dat/c/asu/a/ash.dat	field	28	-1	next	313035
decoded_dat/c/asu/a/ash.dat	field	28	-1	dvx	353530
decoded_dat/c/asu/a/ash.dat	field	28	-1	dvy	353530
decoded_dat/c/asu/a/ash.dat	field	28	-1	dvz	353530
decoded_dat/c/asu/a/ash.dat	field	28	-1	centerx	313330
decoded_dat/c/asu/a/ash.dat	field	28	-1	centery	333030
decoded_dat/c/asu/a/ash.dat	field	28	-1	hit_a	30
decoded_dat/c/asu/a/ash.dat	field	28	-1	hit_d	30
decoded_dat/c/asu/a/ash.dat	field	28	-1	hit_j	30
decoded_dat/c/asu/a/ash.dat	block	28	0	itr	
decoded_dat/c/asu/a/ash.dat	field	28	0	kind	30
decoded_dat/c/asu/a/ash.dat	field	28	0	x	3430
decoded_dat/c/asu/a/ash.dat	field	28	0	y	313331
decoded_dat/c/asu/a/ash.dat	field	28	0	w	333633
decoded_dat/c/asu/a/ash.dat	field	28	0	h	323136
decoded_dat/c/asu/a/ash.dat	field	28	0	zwidth	3330
decoded_dat/c/asu/a/ash.dat	field	28	0	dvx	30
decoded_dat/c/asu/a/ash.dat	field	28	0	dvy	30
decoded_dat/c/asu/a/ash.dat	field	28	0	fall	2d31
decoded_dat/c/asu/a/ash.dat	field	28	0	vrest	34
decoded_dat/c/asu/a/ash.dat	field	28	0	bdefend	313030
decoded_dat/c/asu/a/ash.dat	field	28	0	injury	3235
decoded_dat/c/asu/a/ash.dat	field	28	0	effect	35
decoded_dat/c/asu/a/ash.dat	frame	29	105		666c79696e67
decoded_dat/c/asu/a/ash.dat	field	29	-1	pic	35
decoded_dat/c/asu/a/ash.dat	field	29	-1	state	3135
decoded_dat/c/asu/a/ash.dat	field	29	-1	wait	31
decoded_dat/c/asu/a/ash.dat	field	29	-1	next	313036
decoded_dat/c/asu/a/ash.dat	field	29	-1	dvx	353530
decoded_dat/c/asu/a/ash.dat	field	29	-1	dvy	353530
decoded_dat/c/asu/a/ash.dat	field	29	-1	dvz	353530
decoded_dat/c/asu/a/ash.dat	field	29	-1	centerx	313330
decoded_dat/c/asu/a/ash.dat	field	29	-1	centery	333030
decoded_dat/c/asu/a/ash.dat	field	29	-1	hit_a	30
decoded_dat/c/asu/a/ash.dat	field	29	-1	hit_d	30
decoded_dat/c/asu/a/ash.dat	field	29	-1	hit_j	30
decoded_dat/c/asu/a/ash.dat	block	29	0	itr	
decoded_dat/c/asu/a/ash.dat	field	29	0	kind	30
decoded_dat/c/asu/a/ash.dat	field	29	0	x	3430
decoded_dat/c/asu/a/ash.dat	field	29	0	y	313331
decoded_dat/c/asu/a/ash.dat	field	29	0	w	333633
decoded_dat/c/asu/a/ash.dat	field	29	0	h	323136
decoded_dat/c/asu/a/ash.dat	field	29	0	zwidth	3330
decoded_dat/c/asu/a/ash.dat	field	29	0	dvx	30
decoded_dat/c/asu/a/ash.dat	field	29	0	dvy	30
decoded_dat/c/asu/a/ash.dat	field	29	0	fall	2d31
decoded_dat/c/asu/a/ash.dat	field	29	0	vrest	34
decoded_dat/c/asu/a/ash.dat	field	29	0	bdefend	313030
decoded_dat/c/asu/a/ash.dat	field	29	0	injury	3235
decoded_dat/c/asu/a/ash.dat	field	29	0	effect	35
decoded_dat/c/asu/a/ash.dat	frame	30	106		666c79696e67
decoded_dat/c/asu/a/ash.dat	field	30	-1	pic	36
decoded_dat/c/asu/a/ash.dat	field	30	-1	state	3135
decoded_dat/c/asu/a/ash.dat	field	30	-1	wait	31
decoded_dat/c/asu/a/ash.dat	field	30	-1	next	313037
decoded_dat/c/asu/a/ash.dat	field	30	-1	dvx	353530
decoded_dat/c/asu/a/ash.dat	field	30	-1	dvy	353530
decoded_dat/c/asu/a/ash.dat	field	30	-1	dvz	353530
decoded_dat/c/asu/a/ash.dat	field	30	-1	centerx	313330
decoded_dat/c/asu/a/ash.dat	field	30	-1	centery	333030
decoded_dat/c/asu/a/ash.dat	field	30	-1	hit_a	30
decoded_dat/c/asu/a/ash.dat	field	30	-1	hit_d	30
decoded_dat/c/asu/a/ash.dat	field	30	-1	hit_j	30
decoded_dat/c/asu/a/ash.dat	block	30	0	itr	
decoded_dat/c/asu/a/ash.dat	field	30	0	kind	30
decoded_dat/c/asu/a/ash.dat	field	30	0	x	3430
decoded_dat/c/asu/a/ash.dat	field	30	0	y	313331
decoded_dat/c/asu/a/ash.dat	field	30	0	w	333633
decoded_dat/c/asu/a/ash.dat	field	30	0	h	323136
decoded_dat/c/asu/a/ash.dat	field	30	0	zwidth	3330
decoded_dat/c/asu/a/ash.dat	field	30	0	dvx	30
decoded_dat/c/asu/a/ash.dat	field	30	0	dvy	30
decoded_dat/c/asu/a/ash.dat	field	30	0	fall	2d31
decoded_dat/c/asu/a/ash.dat	field	30	0	vrest	34
decoded_dat/c/asu/a/ash.dat	field	30	0	bdefend	313030
decoded_dat/c/asu/a/ash.dat	field	30	0	injury	3235
decoded_dat/c/asu/a/ash.dat	field	30	0	effect	35
decoded_dat/c/asu/a/ash.dat	frame	31	107		666c79696e67
decoded_dat/c/asu/a/ash.dat	field	31	-1	pic	37
decoded_dat/c/asu/a/ash.dat	field	31	-1	state	3135
decoded_dat/c/asu/a/ash.dat	field	31	-1	wait	31
decoded_dat/c/asu/a/ash.dat	field	31	-1	next	313038
decoded_dat/c/asu/a/ash.dat	field	31	-1	dvx	353530
decoded_dat/c/asu/a/ash.dat	field	31	-1	dvy	353530
decoded_dat/c/asu/a/ash.dat	field	31	-1	dvz	353530
decoded_dat/c/asu/a/ash.dat	field	31	-1	centerx	313330
decoded_dat/c/asu/a/ash.dat	field	31	-1	centery	333030
decoded_dat/c/asu/a/ash.dat	field	31	-1	hit_a	30
decoded_dat/c/asu/a/ash.dat	field	31	-1	hit_d	30
decoded_dat/c/asu/a/ash.dat	field	31	-1	hit_j	30
decoded_dat/c/asu/a/ash.dat	block	31	0	itr	
decoded_dat/c/asu/a/ash.dat	field	31	0	kind	30
decoded_dat/c/asu/a/ash.dat	field	31	0	x	3430
decoded_dat/c/asu/a/ash.dat	field	31	0	y	3836
decoded_dat/c/asu/a/ash.dat	field	31	0	w	333337
decoded_dat/c/asu/a/ash.dat	field	31	0	h	323737
decoded_dat/c/asu/a/ash.dat	field	31	0	injury	3530
decoded_dat/c/asu/a/ash.dat	field	31	0	fall	313030
decoded_dat/c/asu/a/ash.dat	field	31	0	bdefend	313030
decoded_dat/c/asu/a/ash.dat	field	31	0	dvx	3330
decoded_dat/c/asu/a/ash.dat	field	31	0	dvy	2d3130
decoded_dat/c/asu/a/ash.dat	field	31	0	zwidth	3335
decoded_dat/c/asu/a/ash.dat	field	31	0	effect	32
decoded_dat/c/asu/a/ash.dat	field	31	0	vrest	3230
decoded_dat/c/asu/a/ash.dat	frame	32	108		666c79696e67
decoded_dat/c/asu/a/ash.dat	field	32	-1	pic	38
decoded_dat/c/asu/a/ash.dat	field	32	-1	state	3135
decoded_dat/c/asu/a/ash.dat	field	32	-1	wait	31
decoded_dat/c/asu/a/ash.dat	field	32	-1	next	313039
decoded_dat/c/asu/a/ash.dat	field	32	-1	dvx	353530
decoded_dat/c/asu/a/ash.dat	field	32	-1	dvy	353530
decoded_dat/c/asu/a/ash.dat	field	32	-1	dvz	353530
decoded_dat/c/asu/a/ash.dat	field	32	-1	centerx	313330
decoded_dat/c/asu/a/ash.dat	field	32	-1	centery	333030
decoded_dat/c/asu/a/ash.dat	field	32	-1	hit_a	30
decoded_dat/c/asu/a/ash.dat	field	32	-1	hit_d	30
decoded_dat/c/asu/a/ash.dat	field	32	-1	hit_j	30
decoded_dat/c/asu/a/ash.dat	block	32	0	itr	
decoded_dat/c/asu/a/ash.dat	field	32	0	kind	30
decoded_dat/c/asu/a/ash.dat	field	32	0	x	3430
decoded_dat/c/asu/a/ash.dat	field	32	0	y	3836
decoded_dat/c/asu/a/ash.dat	field	32	0	w	343130
decoded_dat/c/asu/a/ash.dat	field	32	0	h	323737
decoded_dat/c/asu/a/ash.dat	field	32	0	injury	3530
decoded_dat/c/asu/a/ash.dat	field	32	0	fall	313030
decoded_dat/c/asu/a/ash.dat	field	32	0	bdefend	313030
decoded_dat/c/asu/a/ash.dat	field	32	0	dvx	3330
decoded_dat/c/asu/a/ash.dat	field	32	0	dvy	2d3130
decoded_dat/c/asu/a/ash.dat	field	32	0	zwidth	3335
decoded_dat/c/asu/a/ash.dat	field	32	0	effect	32
decoded_dat/c/asu/a/ash.dat	field	32	0	vrest	3230
decoded_dat/c/asu/a/ash.dat	frame	33	109		666c79696e67
decoded_dat/c/asu/a/ash.dat	field	33	-1	pic	39
decoded_dat/c/asu/a/ash.dat	field	33	-1	state	3135
decoded_dat/c/asu/a/ash.dat	field	33	-1	wait	31
decoded_dat/c/asu/a/ash.dat	field	33	-1	next	313130
decoded_dat/c/asu/a/ash.dat	field	33	-1	dvx	353530
decoded_dat/c/asu/a/ash.dat	field	33	-1	dvy	353530
decoded_dat/c/asu/a/ash.dat	field	33	-1	dvz	353530
decoded_dat/c/asu/a/ash.dat	field	33	-1	centerx	313330
decoded_dat/c/asu/a/ash.dat	field	33	-1	centery	333030
decoded_dat/c/asu/a/ash.dat	field	33	-1	hit_a	30
decoded_dat/c/asu/a/ash.dat	field	33	-1	hit_d	30
decoded_dat/c/asu/a/ash.dat	field	33	-1	hit_j	30
decoded_dat/c/asu/a/ash.dat	block	33	0	itr	
decoded_dat/c/asu/a/ash.dat	field	33	0	kind	30
decoded_dat/c/asu/a/ash.dat	field	33	0	x	3430
decoded_dat/c/asu/a/ash.dat	field	33	0	y	3836
decoded_dat/c/asu/a/ash.dat	field	33	0	w	343130
decoded_dat/c/asu/a/ash.dat	field	33	0	h	323737
decoded_dat/c/asu/a/ash.dat	field	33	0	injury	3530
decoded_dat/c/asu/a/ash.dat	field	33	0	fall	313030
decoded_dat/c/asu/a/ash.dat	field	33	0	bdefend	313030
decoded_dat/c/asu/a/ash.dat	field	33	0	dvx	3330
decoded_dat/c/asu/a/ash.dat	field	33	0	dvy	2d3130
decoded_dat/c/asu/a/ash.dat	field	33	0	zwidth	3335
decoded_dat/c/asu/a/ash.dat	field	33	0	effect	32
decoded_dat/c/asu/a/ash.dat	field	33	0	vrest	3230
decoded_dat/c/asu/a/ash.dat	frame	34	110		666c79696e67
decoded_dat/c/asu/a/ash.dat	field	34	-1	pic	3130
decoded_dat/c/asu/a/ash.dat	field	34	-1	state	3135
decoded_dat/c/asu/a/ash.dat	field	34	-1	wait	31
decoded_dat/c/asu/a/ash.dat	field	34	-1	next	313131
decoded_dat/c/asu/a/ash.dat	field	34	-1	dvx	353530
decoded_dat/c/asu/a/ash.dat	field	34	-1	dvy	353530
decoded_dat/c/asu/a/ash.dat	field	34	-1	dvz	353530
decoded_dat/c/asu/a/ash.dat	field	34	-1	centerx	313330
decoded_dat/c/asu/a/ash.dat	field	34	-1	centery	333030
decoded_dat/c/asu/a/ash.dat	field	34	-1	hit_a	30
decoded_dat/c/asu/a/ash.dat	field	34	-1	hit_d	30
decoded_dat/c/asu/a/ash.dat	field	34	-1	hit_j	30
decoded_dat/c/asu/a/ash.dat	frame	35	111		666c79696e67
decoded_dat/c/asu/a/ash.dat	field	35	-1	pic	3131
decoded_dat/c/asu/a/ash.dat	field	35	-1	state	3135
decoded_dat/c/asu/a/ash.dat	field	35	-1	wait	31
decoded_dat/c/asu/a/ash.dat	field	35	-1	next	31303030
decoded_dat/c/asu/a/ash.dat	field	35	-1	dvx	353530
decoded_dat/c/asu/a/ash.dat	field	35	-1	dvy	353530
decoded_dat/c/asu/a/ash.dat	field	35	-1	dvz	353530
decoded_dat/c/asu/a/ash.dat	field	35	-1	centerx	313330
decoded_dat/c/asu/a/ash.dat	field	35	-1	centery	333030
decoded_dat/c/asu/a/ash.dat	field	35	-1	hit_a	30
decoded_dat/c/asu/a/ash.dat	field	35	-1	hit_d	30
decoded_dat/c/asu/a/ash.dat	field	35	-1	hit_j	30
decoded_dat/c/asu/a/ash.dat	frame	36	130		666c79696e67
decoded_dat/c/asu/a/ash.dat	field	36	-1	pic	30
decoded_dat/c/asu/a/ash.dat	field	36	-1	state	3135
decoded_dat/c/asu/a/ash.dat	field	36	-1	wait	31
decoded_dat/c/asu/a/ash.dat	field	36	-1	next	313331
decoded_dat/c/asu/a/ash.dat	field	36	-1	dvx	353530
decoded_dat/c/asu/a/ash.dat	field	36	-1	dvy	353530
decoded_dat/c/asu/a/ash.dat	field	36	-1	dvz	353530
decoded_dat/c/asu/a/ash.dat	field	36	-1	centerx	313330
decoded_dat/c/asu/a/ash.dat	field	36	-1	centery	333030
decoded_dat/c/asu/a/ash.dat	field	36	-1	hit_a	30
decoded_dat/c/asu/a/ash.dat	field	36	-1	hit_d	30
decoded_dat/c/asu/a/ash.dat	field	36	-1	hit_j	30
decoded_dat/c/asu/a/ash.dat	frame	37	131		666c79696e67
decoded_dat/c/asu/a/ash.dat	field	37	-1	pic	31
decoded_dat/c/asu/a/ash.dat	field	37	-1	state	3135
decoded_dat/c/asu/a/ash.dat	field	37	-1	wait	31
decoded_dat/c/asu/a/ash.dat	field	37	-1	next	313332
decoded_dat/c/asu/a/ash.dat	field	37	-1	dvx	353530
decoded_dat/c/asu/a/ash.dat	field	37	-1	dvy	353530
decoded_dat/c/asu/a/ash.dat	field	37	-1	dvz	353530
decoded_dat/c/asu/a/ash.dat	field	37	-1	centerx	313330
decoded_dat/c/asu/a/ash.dat	field	37	-1	centery	333030
decoded_dat/c/asu/a/ash.dat	field	37	-1	hit_a	30
decoded_dat/c/asu/a/ash.dat	field	37	-1	hit_d	30
decoded_dat/c/asu/a/ash.dat	field	37	-1	hit_j	30
decoded_dat/c/asu/a/ash.dat	block	37	0	itr	
decoded_dat/c/asu/a/ash.dat	field	37	0	kind	30
decoded_dat/c/asu/a/ash.dat	field	37	0	x	3135
decoded_dat/c/asu/a/ash.dat	field	37	0	y	313639
decoded_dat/c/asu/a/ash.dat	field	37	0	w	333530
decoded_dat/c/asu/a/ash.dat	field	37	0	h	313730
decoded_dat/c/asu/a/ash.dat	field	37	0	zwidth	3535
decoded_dat/c/asu/a/ash.dat	field	37	0	dvx	30
decoded_dat/c/asu/a/ash.dat	field	37	0	dvy	30
decoded_dat/c/asu/a/ash.dat	field	37	0	fall	2d31
decoded_dat/c/asu/a/ash.dat	field	37	0	vrest	34
decoded_dat/c/asu/a/ash.dat	field	37	0	bdefend	313030
decoded_dat/c/asu/a/ash.dat	field	37	0	injury	3235
decoded_dat/c/asu/a/ash.dat	field	37	0	effect	35
decoded_dat/c/asu/a/ash.dat	frame	38	132		666c79696e67
decoded_dat/c/asu/a/ash.dat	field	38	-1	pic	32
decoded_dat/c/asu/a/ash.dat	field	38	-1	state	3135
decoded_dat/c/asu/a/ash.dat	field	38	-1	wait	31
decoded_dat/c/asu/a/ash.dat	field	38	-1	next	313333
decoded_dat/c/asu/a/ash.dat	field	38	-1	dvx	353530
decoded_dat/c/asu/a/ash.dat	field	38	-1	dvy	353530
decoded_dat/c/asu/a/ash.dat	field	38	-1	dvz	353530
decoded_dat/c/asu/a/ash.dat	field	38	-1	centerx	313330
decoded_dat/c/asu/a/ash.dat	field	38	-1	centery	333030
decoded_dat/c/asu/a/ash.dat	field	38	-1	hit_a	30
decoded_dat/c/asu/a/ash.dat	field	38	-1	hit_d	30
decoded_dat/c/asu/a/ash.dat	field	38	-1	hit_j	30
decoded_dat/c/asu/a/ash.dat	block	38	0	itr	
decoded_dat/c/asu/a/ash.dat	field	38	0	kind	30
decoded_dat/c/asu/a/ash.dat	field	38	0	x	3135
decoded_dat/c/asu/a/ash.dat	field	38	0	y	313331
decoded_dat/c/asu/a/ash.dat	field	38	0	w	353530
decoded_dat/c/asu/a/ash.dat	field	38	0	h	323136
decoded_dat/c/asu/a/ash.dat	field	38	0	zwidth	3535
decoded_dat/c/asu/a/ash.dat	field	38	0	dvx	30
decoded_dat/c/asu/a/ash.dat	field	38	0	dvy	30
decoded_dat/c/asu/a/ash.dat	field	38	0	fall	2d31
decoded_dat/c/asu/a/ash.dat	field	38	0	vrest	34
decoded_dat/c/asu/a/ash.dat	field	38	0	bdefend	313030
decoded_dat/c/asu/a/ash.dat	field	38	0	injury	3235
decoded_dat/c/asu/a/ash.dat	field	38	0	effect	35
decoded_dat/c/asu/a/ash.dat	frame	39	133		666c79696e67
decoded_dat/c/asu/a/ash.dat	field	39	-1	pic	33
decoded_dat/c/asu/a/ash.dat	field	39	-1	state	3135
decoded_dat/c/asu/a/ash.dat	field	39	-1	wait	31
decoded_dat/c/asu/a/ash.dat	field	39	-1	next	313334
decoded_dat/c/asu/a/ash.dat	field	39	-1	dvx	353530
decoded_dat/c/asu/a/ash.dat	field	39	-1	dvy	353530
decoded_dat/c/asu/a/ash.dat	field	39	-1	dvz	353530
decoded_dat/c/asu/a/ash.dat	field	39	-1	centerx	313330
decoded_dat/c/asu/a/ash.dat	field	39	-1	centery	333030
decoded_dat/c/asu/a/ash.dat	field	39	-1	hit_a	30
decoded_dat/c/asu/a/ash.dat	field	39	-1	hit_d	30
decoded_dat/c/asu/a/ash.dat	field	39	-1	hit_j	30
decoded_dat/c/asu/a/ash.dat	block	39	0	itr	
decoded_dat/c/asu/a/ash.dat	field	39	0	kind	30
decoded_dat/c/asu/a/ash.dat	field	39	0	x	3135
decoded_dat/c/asu/a/ash.dat	field	39	0	y	313331
decoded_dat/c/asu/a/ash.dat	field	39	0	w	353530
decoded_dat/c/asu/a/ash.dat	field	39	0	h	323136
decoded_dat/c/asu/a/ash.dat	field	39	0	zwidth	3535
decoded_dat/c/asu/a/ash.dat	field	39	0	dvx	30
decoded_dat/c/asu/a/ash.dat	field	39	0	dvy	30
decoded_dat/c/asu/a/ash.dat	field	39	0	fall	2d31
decoded_dat/c/asu/a/ash.dat	field	39	0	vrest	34
decoded_dat/c/asu/a/ash.dat	field	39	0	bdefend	313030
decoded_dat/c/asu/a/ash.dat	field	39	0	injury	3235
decoded_dat/c/asu/a/ash.dat	field	39	0	effect	35
decoded_dat/c/asu/a/ash.dat	frame	40	134		666c79696e67
decoded_dat/c/asu/a/ash.dat	field	40	-1	pic	34
decoded_dat/c/asu/a/ash.dat	field	40	-1	state	3135
decoded_dat/c/asu/a/ash.dat	field	40	-1	wait	31
decoded_dat/c/asu/a/ash.dat	field	40	-1	next	313335
decoded_dat/c/asu/a/ash.dat	field	40	-1	dvx	353530
decoded_dat/c/asu/a/ash.dat	field	40	-1	dvy	353530
decoded_dat/c/asu/a/ash.dat	field	40	-1	dvz	353530
decoded_dat/c/asu/a/ash.dat	field	40	-1	centerx	313330
decoded_dat/c/asu/a/ash.dat	field	40	-1	centery	333030
decoded_dat/c/asu/a/ash.dat	field	40	-1	hit_a	30
decoded_dat/c/asu/a/ash.dat	field	40	-1	hit_d	30
decoded_dat/c/asu/a/ash.dat	field	40	-1	hit_j	30
decoded_dat/c/asu/a/ash.dat	block	40	0	itr	
decoded_dat/c/asu/a/ash.dat	field	40	0	kind	30
decoded_dat/c/asu/a/ash.dat	field	40	0	x	3135
decoded_dat/c/asu/a/ash.dat	field	40	0	y	313331
decoded_dat/c/asu/a/ash.dat	field	40	0	w	353530
decoded_dat/c/asu/a/ash.dat	field	40	0	h	323136
decoded_dat/c/asu/a/ash.dat	field	40	0	zwidth	3535
decoded_dat/c/asu/a/ash.dat	field	40	0	dvx	30
decoded_dat/c/asu/a/ash.dat	field	40	0	dvy	30
decoded_dat/c/asu/a/ash.dat	field	40	0	fall	2d31
decoded_dat/c/asu/a/ash.dat	field	40	0	vrest	34
decoded_dat/c/asu/a/ash.dat	field	40	0	bdefend	313030
decoded_dat/c/asu/a/ash.dat	field	40	0	injury	3235
decoded_dat/c/asu/a/ash.dat	field	40	0	effect	35
decoded_dat/c/asu/a/ash.dat	frame	41	135		666c79696e67
decoded_dat/c/asu/a/ash.dat	field	41	-1	pic	35
decoded_dat/c/asu/a/ash.dat	field	41	-1	state	3135
decoded_dat/c/asu/a/ash.dat	field	41	-1	wait	31
decoded_dat/c/asu/a/ash.dat	field	41	-1	next	313336
decoded_dat/c/asu/a/ash.dat	field	41	-1	dvx	353530
decoded_dat/c/asu/a/ash.dat	field	41	-1	dvy	353530
decoded_dat/c/asu/a/ash.dat	field	41	-1	dvz	353530
decoded_dat/c/asu/a/ash.dat	field	41	-1	centerx	313330
decoded_dat/c/asu/a/ash.dat	field	41	-1	centery	333030
decoded_dat/c/asu/a/ash.dat	field	41	-1	hit_a	30
decoded_dat/c/asu/a/ash.dat	field	41	-1	hit_d	30
decoded_dat/c/asu/a/ash.dat	field	41	-1	hit_j	30
decoded_dat/c/asu/a/ash.dat	block	41	0	itr	
decoded_dat/c/asu/a/ash.dat	field	41	0	kind	30
decoded_dat/c/asu/a/ash.dat	field	41	0	x	3135
decoded_dat/c/asu/a/ash.dat	field	41	0	y	313331
decoded_dat/c/asu/a/ash.dat	field	41	0	w	353530
decoded_dat/c/asu/a/ash.dat	field	41	0	h	323136
decoded_dat/c/asu/a/ash.dat	field	41	0	zwidth	3535
decoded_dat/c/asu/a/ash.dat	field	41	0	dvx	30
decoded_dat/c/asu/a/ash.dat	field	41	0	dvy	30
decoded_dat/c/asu/a/ash.dat	field	41	0	fall	2d31
decoded_dat/c/asu/a/ash.dat	field	41	0	vrest	34
decoded_dat/c/asu/a/ash.dat	field	41	0	bdefend	313030
decoded_dat/c/asu/a/ash.dat	field	41	0	injury	3235
decoded_dat/c/asu/a/ash.dat	field	41	0	effect	35
decoded_dat/c/asu/a/ash.dat	frame	42	136		666c79696e67
decoded_dat/c/asu/a/ash.dat	field	42	-1	pic	36
decoded_dat/c/asu/a/ash.dat	field	42	-1	state	3135
decoded_dat/c/asu/a/ash.dat	field	42	-1	wait	31
decoded_dat/c/asu/a/ash.dat	field	42	-1	next	313337
decoded_dat/c/asu/a/ash.dat	field	42	-1	dvx	353530
decoded_dat/c/asu/a/ash.dat	field	42	-1	dvy	353530
decoded_dat/c/asu/a/ash.dat	field	42	-1	dvz	353530
decoded_dat/c/asu/a/ash.dat	field	42	-1	centerx	313330
decoded_dat/c/asu/a/ash.dat	field	42	-1	centery	333030
decoded_dat/c/asu/a/ash.dat	field	42	-1	hit_a	30
decoded_dat/c/asu/a/ash.dat	field	42	-1	hit_d	30
decoded_dat/c/asu/a/ash.dat	field	42	-1	hit_j	30
decoded_dat/c/asu/a/ash.dat	block	42	0	itr	
decoded_dat/c/asu/a/ash.dat	field	42	0	kind	30
decoded_dat/c/asu/a/ash.dat	field	42	0	x	3135
decoded_dat/c/asu/a/ash.dat	field	42	0	y	313331
decoded_dat/c/asu/a/ash.dat	field	42	0	w	353530
decoded_dat/c/asu/a/ash.dat	field	42	0	h	323136
decoded_dat/c/asu/a/ash.dat	field	42	0	zwidth	3535
decoded_dat/c/asu/a/ash.dat	field	42	0	dvx	30
decoded_dat/c/asu/a/ash.dat	field	42	0	dvy	30
decoded_dat/c/asu/a/ash.dat	field	42	0	fall	2d31
decoded_dat/c/asu/a/ash.dat	field	42	0	vrest	34
decoded_dat/c/asu/a/ash.dat	field	42	0	bdefend	313030
decoded_dat/c/asu/a/ash.dat	field	42	0	injury	3235
decoded_dat/c/asu/a/ash.dat	field	42	0	effect	35
decoded_dat/c/asu/a/ash.dat	frame	43	137		666c79696e67
decoded_dat/c/asu/a/ash.dat	field	43	-1	pic	37
decoded_dat/c/asu/a/ash.dat	field	43	-1	state	3135
decoded_dat/c/asu/a/ash.dat	field	43	-1	wait	31
decoded_dat/c/asu/a/ash.dat	field	43	-1	next	313338
decoded_dat/c/asu/a/ash.dat	field	43	-1	dvx	353530
decoded_dat/c/asu/a/ash.dat	field	43	-1	dvy	353530
decoded_dat/c/asu/a/ash.dat	field	43	-1	dvz	353530
decoded_dat/c/asu/a/ash.dat	field	43	-1	centerx	313330
decoded_dat/c/asu/a/ash.dat	field	43	-1	centery	333030
decoded_dat/c/asu/a/ash.dat	field	43	-1	hit_a	30
decoded_dat/c/asu/a/ash.dat	field	43	-1	hit_d	30
decoded_dat/c/asu/a/ash.dat	field	43	-1	hit_j	30
decoded_dat/c/asu/a/ash.dat	block	43	0	itr	
decoded_dat/c/asu/a/ash.dat	field	43	0	kind	30
decoded_dat/c/asu/a/ash.dat	field	43	0	x	3135
decoded_dat/c/asu/a/ash.dat	field	43	0	y	313331
decoded_dat/c/asu/a/ash.dat	field	43	0	w	353530
decoded_dat/c/asu/a/ash.dat	field	43	0	h	323136
decoded_dat/c/asu/a/ash.dat	field	43	0	injury	3530
decoded_dat/c/asu/a/ash.dat	field	43	0	fall	313030
decoded_dat/c/asu/a/ash.dat	field	43	0	bdefend	313030
decoded_dat/c/asu/a/ash.dat	field	43	0	dvx	3330
decoded_dat/c/asu/a/ash.dat	field	43	0	dvy	2d3130
decoded_dat/c/asu/a/ash.dat	field	43	0	zwidth	3630
decoded_dat/c/asu/a/ash.dat	field	43	0	effect	32
decoded_dat/c/asu/a/ash.dat	field	43	0	vrest	3230
decoded_dat/c/asu/a/ash.dat	frame	44	138		666c79696e67
decoded_dat/c/asu/a/ash.dat	field	44	-1	pic	38
decoded_dat/c/asu/a/ash.dat	field	44	-1	state	3135
decoded_dat/c/asu/a/ash.dat	field	44	-1	wait	31
decoded_dat/c/asu/a/ash.dat	field	44	-1	next	313339
decoded_dat/c/asu/a/ash.dat	field	44	-1	dvx	353530
decoded_dat/c/asu/a/ash.dat	field	44	-1	dvy	353530
decoded_dat/c/asu/a/ash.dat	field	44	-1	dvz	353530
decoded_dat/c/asu/a/ash.dat	field	44	-1	centerx	313330
decoded_dat/c/asu/a/ash.dat	field	44	-1	centery	333030
decoded_dat/c/asu/a/ash.dat	field	44	-1	hit_a	30
decoded_dat/c/asu/a/ash.dat	field	44	-1	hit_d	30
decoded_dat/c/asu/a/ash.dat	field	44	-1	hit_j	30
decoded_dat/c/asu/a/ash.dat	block	44	0	itr	
decoded_dat/c/asu/a/ash.dat	field	44	0	kind	30
decoded_dat/c/asu/a/ash.dat	field	44	0	x	3135
decoded_dat/c/asu/a/ash.dat	field	44	0	y	313331
decoded_dat/c/asu/a/ash.dat	field	44	0	w	353530
decoded_dat/c/asu/a/ash.dat	field	44	0	h	323136
decoded_dat/c/asu/a/ash.dat	field	44	0	injury	3530
decoded_dat/c/asu/a/ash.dat	field	44	0	fall	313030
decoded_dat/c/asu/a/ash.dat	field	44	0	bdefend	313030
decoded_dat/c/asu/a/ash.dat	field	44	0	dvx	3330
decoded_dat/c/asu/a/ash.dat	field	44	0	dvy	2d3130
decoded_dat/c/asu/a/ash.dat	field	44	0	zwidth	3630
decoded_dat/c/asu/a/ash.dat	field	44	0	effect	32
decoded_dat/c/asu/a/ash.dat	field	44	0	vrest	3230
decoded_dat/c/asu/a/ash.dat	frame	45	139		666c79696e67
decoded_dat/c/asu/a/ash.dat	field	45	-1	pic	39
decoded_dat/c/asu/a/ash.dat	field	45	-1	state	3135
decoded_dat/c/asu/a/ash.dat	field	45	-1	wait	31
decoded_dat/c/asu/a/ash.dat	field	45	-1	next	313430
decoded_dat/c/asu/a/ash.dat	field	45	-1	dvx	353530
decoded_dat/c/asu/a/ash.dat	field	45	-1	dvy	353530
decoded_dat/c/asu/a/ash.dat	field	45	-1	dvz	353530
decoded_dat/c/asu/a/ash.dat	field	45	-1	centerx	313330
decoded_dat/c/asu/a/ash.dat	field	45	-1	centery	333030
decoded_dat/c/asu/a/ash.dat	field	45	-1	hit_a	30
decoded_dat/c/asu/a/ash.dat	field	45	-1	hit_d	30
decoded_dat/c/asu/a/ash.dat	field	45	-1	hit_j	30
decoded_dat/c/asu/a/ash.dat	block	45	0	itr	
decoded_dat/c/asu/a/ash.dat	field	45	0	kind	30
decoded_dat/c/asu/a/ash.dat	field	45	0	x	3135
decoded_dat/c/asu/a/ash.dat	field	45	0	y	313331
decoded_dat/c/asu/a/ash.dat	field	45	0	w	353530
decoded_dat/c/asu/a/ash.dat	field	45	0	h	323136
decoded_dat/c/asu/a/ash.dat	field	45	0	injury	3530
decoded_dat/c/asu/a/ash.dat	field	45	0	fall	313030
decoded_dat/c/asu/a/ash.dat	field	45	0	bdefend	313030
decoded_dat/c/asu/a/ash.dat	field	45	0	dvx	3330
decoded_dat/c/asu/a/ash.dat	field	45	0	dvy	2d3130
decoded_dat/c/asu/a/ash.dat	field	45	0	zwidth	3630
decoded_dat/c/asu/a/ash.dat	field	45	0	effect	32
decoded_dat/c/asu/a/ash.dat	field	45	0	vrest	3230
decoded_dat/c/asu/a/ash.dat	frame	46	140		666c79696e67
decoded_dat/c/asu/a/ash.dat	field	46	-1	pic	3130
decoded_dat/c/asu/a/ash.dat	field	46	-1	state	3135
decoded_dat/c/asu/a/ash.dat	field	46	-1	wait	31
decoded_dat/c/asu/a/ash.dat	field	46	-1	next	313431
decoded_dat/c/asu/a/ash.dat	field	46	-1	dvx	353530
decoded_dat/c/asu/a/ash.dat	field	46	-1	dvy	353530
decoded_dat/c/asu/a/ash.dat	field	46	-1	dvz	353530
decoded_dat/c/asu/a/ash.dat	field	46	-1	centerx	313330
decoded_dat/c/asu/a/ash.dat	field	46	-1	centery	333030
decoded_dat/c/asu/a/ash.dat	field	46	-1	hit_a	30
decoded_dat/c/asu/a/ash.dat	field	46	-1	hit_d	30
decoded_dat/c/asu/a/ash.dat	field	46	-1	hit_j	30
decoded_dat/c/asu/a/ash.dat	frame	47	141		666c79696e67
decoded_dat/c/asu/a/ash.dat	field	47	-1	pic	3131
decoded_dat/c/asu/a/ash.dat	field	47	-1	state	3135
decoded_dat/c/asu/a/ash.dat	field	47	-1	wait	31
decoded_dat/c/asu/a/ash.dat	field	47	-1	next	31303030
decoded_dat/c/asu/a/ash.dat	field	47	-1	dvx	353530
decoded_dat/c/asu/a/ash.dat	field	47	-1	dvy	353530
decoded_dat/c/asu/a/ash.dat	field	47	-1	dvz	353530
decoded_dat/c/asu/a/ash.dat	field	47	-1	centerx	313330
decoded_dat/c/asu/a/ash.dat	field	47	-1	centery	333030
decoded_dat/c/asu/a/ash.dat	field	47	-1	hit_a	30
decoded_dat/c/asu/a/ash.dat	field	47	-1	hit_d	30
decoded_dat/c/asu/a/ash.dat	field	47	-1	hit_j	30
decoded_dat/c/asu/a/ash.dat	frame	48	150		666c79696e67
decoded_dat/c/asu/a/ash.dat	field	48	-1	pic	30
decoded_dat/c/asu/a/ash.dat	field	48	-1	state	3135
decoded_dat/c/asu/a/ash.dat	field	48	-1	wait	31
decoded_dat/c/asu/a/ash.dat	field	48	-1	next	313531
decoded_dat/c/asu/a/ash.dat	field	48	-1	dvx	353530
decoded_dat/c/asu/a/ash.dat	field	48	-1	dvy	353530
decoded_dat/c/asu/a/ash.dat	field	48	-1	dvz	353530
decoded_dat/c/asu/a/ash.dat	field	48	-1	centerx	313330
decoded_dat/c/asu/a/ash.dat	field	48	-1	centery	333030
decoded_dat/c/asu/a/ash.dat	field	48	-1	hit_a	30
decoded_dat/c/asu/a/ash.dat	field	48	-1	hit_d	30
decoded_dat/c/asu/a/ash.dat	field	48	-1	hit_j	30
decoded_dat/c/asu/a/ash.dat	frame	49	151		666c79696e67
decoded_dat/c/asu/a/ash.dat	field	49	-1	pic	31
decoded_dat/c/asu/a/ash.dat	field	49	-1	state	3135
decoded_dat/c/asu/a/ash.dat	field	49	-1	wait	31
decoded_dat/c/asu/a/ash.dat	field	49	-1	next	313532
decoded_dat/c/asu/a/ash.dat	field	49	-1	dvx	353530
decoded_dat/c/asu/a/ash.dat	field	49	-1	dvy	353530
decoded_dat/c/asu/a/ash.dat	field	49	-1	dvz	353530
decoded_dat/c/asu/a/ash.dat	field	49	-1	centerx	313330
decoded_dat/c/asu/a/ash.dat	field	49	-1	centery	333030
decoded_dat/c/asu/a/ash.dat	field	49	-1	hit_a	30
decoded_dat/c/asu/a/ash.dat	field	49	-1	hit_d	30
decoded_dat/c/asu/a/ash.dat	field	49	-1	hit_j	30
decoded_dat/c/asu/a/ash.dat	frame	50	152		666c79696e67
decoded_dat/c/asu/a/ash.dat	field	50	-1	pic	32
decoded_dat/c/asu/a/ash.dat	field	50	-1	state	3135
decoded_dat/c/asu/a/ash.dat	field	50	-1	wait	31
decoded_dat/c/asu/a/ash.dat	field	50	-1	next	313533
decoded_dat/c/asu/a/ash.dat	field	50	-1	dvx	353530
decoded_dat/c/asu/a/ash.dat	field	50	-1	dvy	353530
decoded_dat/c/asu/a/ash.dat	field	50	-1	dvz	353530
decoded_dat/c/asu/a/ash.dat	field	50	-1	centerx	313330
decoded_dat/c/asu/a/ash.dat	field	50	-1	centery	333030
decoded_dat/c/asu/a/ash.dat	field	50	-1	hit_a	30
decoded_dat/c/asu/a/ash.dat	field	50	-1	hit_d	30
decoded_dat/c/asu/a/ash.dat	field	50	-1	hit_j	30
decoded_dat/c/asu/a/ash.dat	frame	51	153		666c79696e67
decoded_dat/c/asu/a/ash.dat	field	51	-1	pic	33
decoded_dat/c/asu/a/ash.dat	field	51	-1	state	3135
decoded_dat/c/asu/a/ash.dat	field	51	-1	wait	31
decoded_dat/c/asu/a/ash.dat	field	51	-1	next	313534
decoded_dat/c/asu/a/ash.dat	field	51	-1	dvx	353530
decoded_dat/c/asu/a/ash.dat	field	51	-1	dvy	353530
decoded_dat/c/asu/a/ash.dat	field	51	-1	dvz	353530
decoded_dat/c/asu/a/ash.dat	field	51	-1	centerx	313330
decoded_dat/c/asu/a/ash.dat	field	51	-1	centery	333030
decoded_dat/c/asu/a/ash.dat	field	51	-1	hit_a	30
decoded_dat/c/asu/a/ash.dat	field	51	-1	hit_d	30
decoded_dat/c/asu/a/ash.dat	field	51	-1	hit_j	30
decoded_dat/c/asu/a/ash.dat	frame	52	154		666c79696e67
decoded_dat/c/asu/a/ash.dat	field	52	-1	pic	34
decoded_dat/c/asu/a/ash.dat	field	52	-1	state	3135
decoded_dat/c/asu/a/ash.dat	field	52	-1	wait	31
decoded_dat/c/asu/a/ash.dat	field	52	-1	next	313535
decoded_dat/c/asu/a/ash.dat	field	52	-1	dvx	353530
decoded_dat/c/asu/a/ash.dat	field	52	-1	dvy	353530
decoded_dat/c/asu/a/ash.dat	field	52	-1	dvz	353530
decoded_dat/c/asu/a/ash.dat	field	52	-1	centerx	313330
decoded_dat/c/asu/a/ash.dat	field	52	-1	centery	333030
decoded_dat/c/asu/a/ash.dat	field	52	-1	hit_a	30
decoded_dat/c/asu/a/ash.dat	field	52	-1	hit_d	30
decoded_dat/c/asu/a/ash.dat	field	52	-1	hit_j	30
decoded_dat/c/asu/a/ash.dat	frame	53	155		666c79696e67
decoded_dat/c/asu/a/ash.dat	field	53	-1	pic	35
decoded_dat/c/asu/a/ash.dat	field	53	-1	state	3135
decoded_dat/c/asu/a/ash.dat	field	53	-1	wait	31
decoded_dat/c/asu/a/ash.dat	field	53	-1	next	313536
decoded_dat/c/asu/a/ash.dat	field	53	-1	dvx	353530
decoded_dat/c/asu/a/ash.dat	field	53	-1	dvy	353530
decoded_dat/c/asu/a/ash.dat	field	53	-1	dvz	353530
decoded_dat/c/asu/a/ash.dat	field	53	-1	centerx	313330
decoded_dat/c/asu/a/ash.dat	field	53	-1	centery	333030
decoded_dat/c/asu/a/ash.dat	field	53	-1	hit_a	30
decoded_dat/c/asu/a/ash.dat	field	53	-1	hit_d	30
decoded_dat/c/asu/a/ash.dat	field	53	-1	hit_j	30
decoded_dat/c/asu/a/ash.dat	frame	54	156		666c79696e67
decoded_dat/c/asu/a/ash.dat	field	54	-1	pic	36
decoded_dat/c/asu/a/ash.dat	field	54	-1	state	3135
decoded_dat/c/asu/a/ash.dat	field	54	-1	wait	31
decoded_dat/c/asu/a/ash.dat	field	54	-1	next	313537
decoded_dat/c/asu/a/ash.dat	field	54	-1	dvx	353530
decoded_dat/c/asu/a/ash.dat	field	54	-1	dvy	353530
decoded_dat/c/asu/a/ash.dat	field	54	-1	dvz	353530
decoded_dat/c/asu/a/ash.dat	field	54	-1	centerx	313330
decoded_dat/c/asu/a/ash.dat	field	54	-1	centery	333030
decoded_dat/c/asu/a/ash.dat	field	54	-1	hit_a	30
decoded_dat/c/asu/a/ash.dat	field	54	-1	hit_d	30
decoded_dat/c/asu/a/ash.dat	field	54	-1	hit_j	30
decoded_dat/c/asu/a/ash.dat	frame	55	157		666c79696e67
decoded_dat/c/asu/a/ash.dat	field	55	-1	pic	37
decoded_dat/c/asu/a/ash.dat	field	55	-1	state	3135
decoded_dat/c/asu/a/ash.dat	field	55	-1	wait	31
decoded_dat/c/asu/a/ash.dat	field	55	-1	next	313538
decoded_dat/c/asu/a/ash.dat	field	55	-1	dvx	353530
decoded_dat/c/asu/a/ash.dat	field	55	-1	dvy	353530
decoded_dat/c/asu/a/ash.dat	field	55	-1	dvz	353530
decoded_dat/c/asu/a/ash.dat	field	55	-1	centerx	313330
decoded_dat/c/asu/a/ash.dat	field	55	-1	centery	333030
decoded_dat/c/asu/a/ash.dat	field	55	-1	hit_a	30
decoded_dat/c/asu/a/ash.dat	field	55	-1	hit_d	30
decoded_dat/c/asu/a/ash.dat	field	55	-1	hit_j	30
decoded_dat/c/asu/a/ash.dat	frame	56	158		666c79696e67
decoded_dat/c/asu/a/ash.dat	field	56	-1	pic	38
decoded_dat/c/asu/a/ash.dat	field	56	-1	state	3135
decoded_dat/c/asu/a/ash.dat	field	56	-1	wait	31
decoded_dat/c/asu/a/ash.dat	field	56	-1	next	313539
decoded_dat/c/asu/a/ash.dat	field	56	-1	dvx	353530
decoded_dat/c/asu/a/ash.dat	field	56	-1	dvy	353530
decoded_dat/c/asu/a/ash.dat	field	56	-1	dvz	353530
decoded_dat/c/asu/a/ash.dat	field	56	-1	centerx	313330
decoded_dat/c/asu/a/ash.dat	field	56	-1	centery	333030
decoded_dat/c/asu/a/ash.dat	field	56	-1	hit_a	30
decoded_dat/c/asu/a/ash.dat	field	56	-1	hit_d	30
decoded_dat/c/asu/a/ash.dat	field	56	-1	hit_j	30
decoded_dat/c/asu/a/ash.dat	frame	57	159		666c79696e67
decoded_dat/c/asu/a/ash.dat	field	57	-1	pic	39
decoded_dat/c/asu/a/ash.dat	field	57	-1	state	3135
decoded_dat/c/asu/a/ash.dat	field	57	-1	wait	31
decoded_dat/c/asu/a/ash.dat	field	57	-1	next	313630
decoded_dat/c/asu/a/ash.dat	field	57	-1	dvx	353530
decoded_dat/c/asu/a/ash.dat	field	57	-1	dvy	353530
decoded_dat/c/asu/a/ash.dat	field	57	-1	dvz	353530
decoded_dat/c/asu/a/ash.dat	field	57	-1	centerx	313330
decoded_dat/c/asu/a/ash.dat	field	57	-1	centery	333030
decoded_dat/c/asu/a/ash.dat	field	57	-1	hit_a	30
decoded_dat/c/asu/a/ash.dat	field	57	-1	hit_d	30
decoded_dat/c/asu/a/ash.dat	field	57	-1	hit_j	30
decoded_dat/c/asu/a/ash.dat	frame	58	160		666c79696e67
decoded_dat/c/asu/a/ash.dat	field	58	-1	pic	3130
decoded_dat/c/asu/a/ash.dat	field	58	-1	state	3135
decoded_dat/c/asu/a/ash.dat	field	58	-1	wait	31
decoded_dat/c/asu/a/ash.dat	field	58	-1	next	313631
decoded_dat/c/asu/a/ash.dat	field	58	-1	dvx	353530
decoded_dat/c/asu/a/ash.dat	field	58	-1	dvy	353530
decoded_dat/c/asu/a/ash.dat	field	58	-1	dvz	353530
decoded_dat/c/asu/a/ash.dat	field	58	-1	centerx	313330
decoded_dat/c/asu/a/ash.dat	field	58	-1	centery	333030
decoded_dat/c/asu/a/ash.dat	field	58	-1	hit_a	30
decoded_dat/c/asu/a/ash.dat	field	58	-1	hit_d	30
decoded_dat/c/asu/a/ash.dat	field	58	-1	hit_j	30
decoded_dat/c/asu/a/ash.dat	frame	59	161		666c79696e67
decoded_dat/c/asu/a/ash.dat	field	59	-1	pic	3131
decoded_dat/c/asu/a/ash.dat	field	59	-1	state	3135
decoded_dat/c/asu/a/ash.dat	field	59	-1	wait	31
decoded_dat/c/asu/a/ash.dat	field	59	-1	next	31303030
decoded_dat/c/asu/a/ash.dat	field	59	-1	dvx	353530
decoded_dat/c/asu/a/ash.dat	field	59	-1	dvy	353530
decoded_dat/c/asu/a/ash.dat	field	59	-1	dvz	353530
decoded_dat/c/asu/a/ash.dat	field	59	-1	centerx	313330
decoded_dat/c/asu/a/ash.dat	field	59	-1	centery	333030
decoded_dat/c/asu/a/ash.dat	field	59	-1	hit_a	30
decoded_dat/c/asu/a/ash.dat	field	59	-1	hit_d	30
decoded_dat/c/asu/a/ash.dat	field	59	-1	hit_j	30
decoded_dat/c/asu/a/ash.dat	frame	60	700		6131
decoded_dat/c/asu/a/ash.dat	field	60	-1	pic	393939
decoded_dat/c/asu/a/ash.dat	field	60	-1	state	33303035
decoded_dat/c/asu/a/ash.dat	field	60	-1	wait	30
decoded_dat/c/asu/a/ash.dat	field	60	-1	next	31303030
decoded_dat/c/asu/a/ash.dat	field	60	-1	centerx	3339
decoded_dat/c/asu/a/ash.dat	field	60	-1	centery	3739
decoded_dat/c/asu/a/ash.dat	field	60	-1	sound	635c6173755c775c61312e776176
decoded_dat/c/asu/a/ash.dat	frame	61	701		6132
decoded_dat/c/asu/a/ash.dat	field	61	-1	pic	393939
decoded_dat/c/asu/a/ash.dat	field	61	-1	state	33303035
decoded_dat/c/asu/a/ash.dat	field	61	-1	wait	30
decoded_dat/c/asu/a/ash.dat	field	61	-1	next	31303030
decoded_dat/c/asu/a/ash.dat	field	61	-1	centerx	3339
decoded_dat/c/asu/a/ash.dat	field	61	-1	centery	3739
decoded_dat/c/asu/a/ash.dat	field	61	-1	sound	635c6173755c775c61322e776176
decoded_dat/c/asu/a/ash.dat	frame	62	702		6134
decoded_dat/c/asu/a/ash.dat	field	62	-1	pic	393939
decoded_dat/c/asu/a/ash.dat	field	62	-1	state	33303035
decoded_dat/c/asu/a/ash.dat	field	62	-1	wait	30
decoded_dat/c/asu/a/ash.dat	field	62	-1	next	31303030
decoded_dat/c/asu/a/ash.dat	field	62	-1	centerx	3339
decoded_dat/c/asu/a/ash.dat	field	62	-1	centery	3739
decoded_dat/c/asu/a/ash.dat	field	62	-1	sound	635c6173755c775c61342e776176
decoded_dat/c/asu/a/ash.dat	frame	63	703		6a32
decoded_dat/c/asu/a/ash.dat	field	63	-1	pic	393939
decoded_dat/c/asu/a/ash.dat	field	63	-1	state	33303035
decoded_dat/c/asu/a/ash.dat	field	63	-1	wait	30
decoded_dat/c/asu/a/ash.dat	field	63	-1	next	31303030
decoded_dat/c/asu/a/ash.dat	field	63	-1	centerx	3339
decoded_dat/c/asu/a/ash.dat	field	63	-1	centery	3739
decoded_dat/c/asu/a/ash.dat	field	63	-1	sound	635c6173755c775c6a322e776176
decoded_dat/c/asu/a/ash.dat	frame	64	704		6a33
decoded_dat/c/asu/a/ash.dat	field	64	-1	pic	393939
decoded_dat/c/asu/a/ash.dat	field	64	-1	state	33303035
decoded_dat/c/asu/a/ash.dat	field	64	-1	wait	30
decoded_dat/c/asu/a/ash.dat	field	64	-1	next	31303030
decoded_dat/c/asu/a/ash.dat	field	64	-1	centerx	3339
decoded_dat/c/asu/a/ash.dat	field	64	-1	centery	3739
decoded_dat/c/asu/a/ash.dat	field	64	-1	sound	635c6173755c775c6a332e776176
decoded_dat/c/asu/a/ash.dat	frame	65	705		7032
decoded_dat/c/asu/a/ash.dat	field	65	-1	pic	393939
decoded_dat/c/asu/a/ash.dat	field	65	-1	state	33303035
decoded_dat/c/asu/a/ash.dat	field	65	-1	wait	30
decoded_dat/c/asu/a/ash.dat	field	65	-1	next	31303030
decoded_dat/c/asu/a/ash.dat	field	65	-1	centerx	3339
decoded_dat/c/asu/a/ash.dat	field	65	-1	centery	3739
decoded_dat/c/asu/a/ash.dat	field	65	-1	sound	635c6173755c775c70322e776176
